1.056486,
1.0816935454545455,
1.0891896666666667,
1.082229606060606,
1.0908905151515151,
1.0503824848484848,
1.0707026969696969,
1.0475540909090908,
1.0677622424242423,
1.0782095151515152,
1.0615357878787879,
1.0708173333333333,
1.0529450303030303,
0.9303411212121212,
0.896471303030303,
1.0655437272727273,
1.0292906363636363,
0.970234,
0.9704565454545454,
1.106841303030303,
1.0935560303030303,
1.0902552121212121,
0.9845617575757576,
0.9220537272727273,
1.0306800606060607,
1.068712,
1.0615076060606061,
1.0754096666666666,
1.001837696969697,
1.093284303030303,
1.0598108484848485,
1.0356353636363635,
1.0293445151515153