3.8047140303030305,
3.84341096969697,
3.8023738484848484,
3.776523787878788,
3.903511484848485,
3.9609299393939397,
3.904020606060606,
3.9487005454545456,
3.7299500303030304,
3.622898727272727,
3.7668432121212123,
3.803963121212121,
3.8219426666666667,
3.607197424242424,
3.6828206666666667,
3.943432090909091,
3.772753515151515,
3.8544056363636363,
3.6153324242424243,
3.995431,
3.7691646666666667,
4.028675696969697,
3.6279843333333335,
4.044826151515151,
3.787367484848485,
4.019818212121212,
3.812820393939394,
3.914957393939394,
4.180961363636364,
4.224135333333333,
4.423390333333333,
4.57001893939394,
4.093664212121212,