3.8701094545454544,
3.9093093636363636,
3.8696171818181817,
3.8428016060606063,
4.685707303030303,
4.026942515151515,
3.9677109696969697,
4.015260212121212,
3.794937303030303,
4.189850424242424,
3.8331330303030304,
3.8694008787878786,
3.891060696969697,
3.677082393939394,
3.7547695151515152,
4.011333454545454,
3.8414752424242424,
3.924456212121212,
3.6833488181818184,
4.067839575757576,
3.8346736666666668,
4.096281606060606,
3.6960437575757576,
4.113253545454546,
3.8526108484848485,
4.086621848484849,
3.8809243636363635,
4.018174696969697,
3.886309,
3.983777424242424,
4.249935878787879,
4.291816212121212,
4.492359666666666