1.8141045151515152,
1.7099562121212122,
1.516881212121212,
1.7323434242424243,
1.8442384242424243,
1.7498287575757576,
1.6834836666666666,
1.7375612727272727,
1.580217,
1.764736,
1.7804026666666668,
1.688925090909091,
1.5650879696969697,
1.79691,
1.5680818484848484,
1.742268696969697,
1.4932726666666667,
1.6381984242424243,
1.5928731212121212,
1.568046909090909,
1.6403125151515152,
1.664472393939394,
1.7451093333333334,
1.6408237575757576,
1.6097532424242424,
1.4591977272727272,
1.5242360606060605,
1.5520206363636364,
1.4287110606060607,
1.5869835151515153,
1.5476085454545454,
1.6838348787878787,
1.7683443333333333