1.906000787878788,
1.8602134848484848,
1.6054464848484848,
1.8999312121212122,
1.9348131212121211,
1.860581606060606,
1.8286326666666666,
1.8305559090909092,
1.7169125454545455,
1.8774489696969696,
1.8743725757575758,
1.8090973636363636,
1.716632303030303,
1.9493588181818182,
1.657709303030303,
1.8505049393939395,
1.5881067575757575,
1.7936143636363637,
1.6870358181818181,
1.665775909090909,
1.7576975757575757,
1.7629969090909092,
1.8370737272727273,
1.736142212121212,
1.7388065757575757,
1.6079385454545454,
1.6430698787878788,
1.6472214242424243,
1.5217732121212122,
1.6823303333333333,
1.6446345454545455,
1.7775419393939393,
1.8854097272727273