1.0604690909090908,
1.025153787878788,
1.066444696969697,
1.011562909090909,
0.9959244545454545,
1.0471423333333334,
1.0473515757575758,
1.062947696969697,
1.0579556060606061,
1.0599875454545455,
1.0563108484848485,
1.0622350606060607,
1.1142331515151516,
1.0755068484848485,
0.8220661212121212,
1.0595085454545454,
1.0569360606060607,
1.0621724242424242,
1.0626893636363637,
1.0726388484848486,
1.07562,
1.0658149393939393,
1.0635897575757576,
1.0592531212121212,
1.0749038484848485,
1.043024303030303,
1.0550608181818182,
1.0128523333333332,
1.0345905454545454,
1.0491714848484848,
0.7550352424242425,
0.8647183333333334,
1.0185301212121212