2.800444272727273,
3.003301787878788,
3.5500746363636364,
3.878805121212121,
2.8019170303030303,
2.755641333333333,
2.8594627878787877,
2.799558909090909,
2.7320270606060606,
2.714893606060606,
2.7484745454545454,
2.8326894545454544,
3.420324424242424,
3.8577643636363637,
2.87977,
2.633794181818182,
2.7539165454545453,
2.7710422727272728,
2.912812909090909,
2.73665396969697,
2.780176787878788,
2.7270537878787877,
2.7804233333333332,
2.589766696969697,
2.764872212121212,
2.772142909090909,
2.9669035757575757,
2.7973374242424245,
2.831804696969697,
2.7358434545454546,
2.7169604545454544,
2.9230549090909093,
3.6188665454545457