3.9382891515151517,
4.1073525757575755,
4.719432090909091,
5.226062212121212,
3.8894502121212122,
3.8796150909090907,
3.9850297575757576,
3.9396803333333335,
3.8687951515151515,
3.854855424242424,
3.8826792727272728,
3.9755771818181818,
4.632526636363637,
5.159570333333334,
3.795874181818182,
3.7699016363636364,
3.887045303030303,
3.912799909090909,
4.0552280909090905,
3.8890049696969697,
3.9339783333333336,
3.8730691212121213,
3.9212514545454544,
3.7261617575757575,
3.919884363636364,
3.8971232121212123,
4.100329636363637,
3.890101181818182,
3.9452871515151515,
3.8631677575757575,
3.551619393939394,
3.8679006363636366,
4.721232363636363